 140 # bases
   0 # ***local step parameters***
#      Shift     Slide     Rise      Tilt      Roll      Twist
C      0.000     0.000     0.000     0.000     0.000     0.000
C      0.460     0.518     3.324     4.653     1.672    35.648
C      0.463     0.516     3.325     4.654     1.679    35.681
C      0.460     0.516     3.322     4.665     1.698    35.645
C      0.463     0.518     3.322     4.688     1.655    35.707
C      0.459     0.516     3.323     4.671     1.681    35.623
C      0.463     0.518     3.323     4.674     1.696    35.680
C      0.463     0.517     3.322     4.702     1.668    35.679
C      0.465     0.518     3.326     4.628     1.711    35.683
C      0.459     0.517     3.322     4.677     1.655    35.633
A      0.291    -1.368     3.244     3.245    14.711    28.581
A      0.355    -1.385     3.285     2.465    12.517    30.180
A      0.355    -1.384     3.287     2.436    12.480    30.198
A      0.355    -1.386     3.285     2.473    12.490    30.163
A      0.355    -1.384     3.285     2.456    12.503    30.182
A      0.355    -1.385     3.287     2.450    12.487    30.181
A      0.355    -1.386     3.283     2.480    12.496    30.188
A      0.356    -1.385     3.286     2.471    12.475    30.171
A      0.355    -1.384     3.286     2.462    12.534    30.185
A      0.354    -1.385     3.287     2.445    12.496    30.169
C      0.485     0.497     3.344     3.946    -0.476    37.114
C      0.465     0.517     3.325     4.650     1.678    35.713
C      0.461     0.516     3.323     4.676     1.674    35.656
C      0.462     0.515     3.324     4.681     1.637    35.642
C      0.462     0.517     3.320     4.740     1.703    35.676
C      0.462     0.517     3.327     4.620     1.724    35.667
C      0.461     0.517     3.322     4.686     1.649    35.675
C      0.465     0.518     3.320     4.698     1.694    35.708
C      0.458     0.518     3.323     4.674     1.688    35.607
C      0.463     0.518     3.323     4.686     1.704    35.686
G      0.142     1.694     3.989     3.125    -6.282    35.460
G      0.143     1.756     3.955     1.715   -11.448    38.362
G      0.142     1.757     3.953     1.753   -11.446    38.347
G      0.144     1.757     3.956     1.705   -11.444    38.374
G      0.143     1.757     3.954     1.741   -11.469    38.338
G      0.143     1.756     3.956     1.708   -11.440    38.354
G      0.143     1.757     3.953     1.757   -11.462    38.368
G      0.142     1.757     3.954     1.720   -11.439    38.330
G      0.145     1.757     3.954     1.724   -11.458    38.376
G      0.142     1.756     3.954     1.730   -11.436    38.326
C      0.507     0.524     3.346     3.008    -3.481    37.501
C      0.463     0.517     3.325     4.642     1.694    35.679
C      0.462     0.517     3.322     4.687     1.696    35.674
C      0.461     0.518     3.323     4.676     1.656    35.649
C      0.462     0.517     3.323     4.678     1.709    35.659
C      0.463     0.517     3.324     4.664     1.666    35.681
C      0.463     0.516     3.323     4.674     1.707    35.677
C      0.461     0.516     3.322     4.684     1.659    35.662
C      0.461     0.517     3.324     4.670     1.691    35.654
C      0.463     0.516     3.324     4.663     1.663    35.670
A      0.291    -1.367     3.244     3.248    14.722    28.582
A      0.355    -1.385     3.286     2.452    12.492    30.172
A      0.356    -1.384     3.286     2.469    12.498    30.200
A      0.355    -1.385     3.286     2.451    12.485    30.168
A      0.356    -1.385     3.285     2.470    12.504    30.184
A      0.355    -1.385     3.286     2.452    12.481    30.185
A      0.355    -1.385     3.284     2.480    12.519    30.184
A      0.354    -1.385     3.286     2.450    12.475    30.171
A      0.355    -1.385     3.285     2.464    12.524    30.184
A      0.354    -1.385     3.287     2.446    12.479    30.167
C      0.486     0.497     3.347     3.925    -0.480    37.132
C      0.463     0.517     3.322     4.690     1.682    35.689
C      0.463     0.517     3.324     4.670     1.677    35.671
C      0.460     0.517     3.322     4.689     1.685    35.646
C      0.462     0.517     3.324     4.661     1.690    35.668
C      0.462     0.517     3.323     4.674     1.677    35.669
C      0.462     0.517     3.323     4.669     1.694    35.673
C      0.462     0.518     3.322     4.692     1.670    35.685
C      0.460     0.518     3.323     4.681     1.687    35.640
C      0.462     0.517     3.325     4.645     1.698    35.663
G      0.182     0.099     0.146  -164.835    -1.889   177.934
G      0.486     0.444     3.323     4.610     1.850    35.670
G      0.485     0.443     3.323     4.610     1.842    35.672
G      0.485     0.443     3.322     4.618     1.852    35.667
G      0.486     0.444     3.323     4.605     1.825    35.673
G      0.485     0.443     3.322     4.620     1.852    35.651
G      0.486     0.443     3.323     4.599     1.835    35.676
G      0.486     0.443     3.322     4.621     1.837    35.673
G      0.485     0.443     3.322     4.613     1.851    35.661
G      0.485     0.444     3.322     4.623     1.827    35.667
T      0.437     0.489     3.321     3.828     4.025    36.115
T      0.356    -1.389     3.287     2.478    12.493    30.195
T      0.355    -1.389     3.286     2.500    12.460    30.175
T      0.356    -1.389     3.286     2.507    12.485    30.181
T      0.358    -1.389     3.288     2.470    12.477    30.197
T      0.356    -1.392     3.285     2.494    12.459    30.166
T      0.357    -1.392     3.285     2.507    12.489    30.195
T      0.357    -1.390     3.285     2.518    12.466    30.199
T      0.356    -1.389     3.286     2.500    12.476    30.170
T      0.357    -1.390     3.286     2.503    12.493    30.187
G      0.426    -1.438     3.300     3.095    10.285    29.474
G      0.485     0.443     3.323     4.600     1.835    35.654
G      0.486     0.443     3.323     4.620     1.831    35.677
G      0.486     0.443     3.322     4.624     1.850    35.675
G      0.486     0.443     3.322     4.607     1.867    35.679
G      0.484     0.443     3.324     4.599     1.809    35.646
G      0.486     0.443     3.322     4.621     1.840    35.676
G      0.485     0.443     3.323     4.619     1.839    35.672
G      0.486     0.443     3.322     4.628     1.834    35.667
G      0.485     0.444     3.322     4.609     1.858    35.655
C      0.506     0.557     3.343     2.932     6.956    38.335
C      0.157     1.928     4.009     1.104   -11.529    38.336
C      0.160     1.927     4.013     1.050   -11.520    38.384
C      0.154     1.927     4.006     1.160   -11.532    38.333
C      0.159     1.929     4.011     1.068   -11.548    38.372
C      0.156     1.927     4.009     1.113   -11.525    38.325
C      0.159     1.928     4.007     1.126   -11.544    38.357
C      0.157     1.927     4.012     1.081   -11.504    38.338
C      0.156     1.927     4.009     1.107   -11.535    38.357
C      0.158     1.928     4.009     1.103   -11.520    38.389
G      0.140     1.759     3.970     3.211   -16.732    35.014
G      0.486     0.443     3.323     4.606     1.835    35.672
G      0.485     0.443     3.322     4.616     1.838    35.672
G      0.486     0.444     3.323     4.628     1.823    35.673
G      0.485     0.444     3.322     4.625     1.848    35.657
G      0.486     0.442     3.323     4.595     1.848    35.663
G      0.486     0.443     3.322     4.622     1.836    35.670
G      0.485     0.443     3.322     4.612     1.839    35.674
G      0.484     0.442     3.322     4.607     1.854    35.661
G      0.484     0.443     3.322     4.610     1.844    35.669
T      0.436     0.488     3.321     3.815     3.992    36.106
T      0.357    -1.389     3.287     2.485    12.478    30.190
T      0.356    -1.390     3.287     2.490    12.470    30.191
T      0.356    -1.389     3.284     2.516    12.505    30.181
T      0.355    -1.389     3.288     2.480    12.485    30.175
T      0.356    -1.391     3.288     2.446    12.490    30.196
T      0.355    -1.392     3.286     2.490    12.422    30.163
T      0.360    -1.391     3.285     2.519    12.460    30.225
T      0.356    -1.391     3.285     2.521    12.458    30.160
T      0.358    -1.390     3.285     2.531    12.506    30.183
G      0.427    -1.439     3.300     3.083    10.306    29.483
G      0.486     0.443     3.323     4.602     1.834    35.678
G      0.484     0.445     3.322     4.640     1.842    35.653
G      0.486     0.443     3.322     4.599     1.843    35.662
G      0.487     0.443     3.323     4.616     1.832    35.662
G      0.487     0.443     3.323     4.613     1.855    35.680
G      0.486     0.443     3.321     4.631     1.858    35.685
G      0.485     0.444     3.322     4.619     1.824    35.647
G      0.486     0.443     3.322     4.596     1.868    35.670
G      0.485     0.444     3.323     4.614     1.846    35.675
