  70 # base-pairs
   0 # ***local base-pair & step parameters***
#        Shear    Stretch   Stagger   Buckle   Prop-Tw   Opening     Shift     Slide     Rise      Tilt      Roll      Twist
C-G      0.144    -0.184     0.096    -0.247   -15.110    -1.278     0.000     0.000     0.000     0.000     0.000     0.000
C-G      0.142    -0.185     0.096    -0.251   -15.132    -1.307    -0.012     0.475     3.357     0.019     1.706    35.954
C-G      0.144    -0.185     0.098    -0.290   -15.157    -1.296    -0.011     0.474     3.357     0.028     1.721    35.968
C-G      0.142    -0.185     0.096    -0.278   -15.106    -1.301    -0.012     0.474     3.356     0.022     1.708    35.940
C-G      0.145    -0.184     0.098    -0.240   -15.152    -1.280    -0.011     0.475     3.355     0.028     1.703    35.990
C-G      0.143    -0.186     0.097    -0.249   -15.178    -1.336    -0.013     0.474     3.357     0.028     1.715    35.945
C-G      0.143    -0.185     0.096    -0.260   -15.157    -1.318    -0.011     0.475     3.357     0.028     1.710    35.965
C-G      0.144    -0.185     0.095    -0.258   -15.175    -1.296    -0.011     0.475     3.356     0.051     1.702    35.965
C-G      0.144    -0.185     0.099    -0.284   -15.137    -1.275    -0.010     0.476     3.358    -0.007     1.724    35.961
C-G      0.142    -0.184     0.097    -0.285   -15.142    -1.319    -0.013     0.474     3.356     0.036     1.691    35.949
A-T      0.006    -0.105     0.059     0.021   -10.525    -2.351    -0.064    -1.410     3.289     0.114    12.454    29.208
A-T      0.007    -0.105     0.059     0.056   -10.533    -2.351    -0.002    -1.395     3.301    -0.033    12.457    30.304
A-T      0.006    -0.105     0.062     0.040   -10.534    -2.310    -0.001    -1.395     3.302    -0.042    12.415    30.301
A-T      0.007    -0.106     0.062     0.062   -10.529    -2.366    -0.003    -1.396     3.301    -0.023    12.420    30.317
A-T      0.006    -0.105     0.061     0.058   -10.477    -2.338     0.000    -1.396     3.301    -0.016    12.408    30.294
A-T      0.006    -0.104     0.060     0.007   -10.497    -2.345    -0.000    -1.395     3.304     0.002    12.434    30.309
A-T      0.006    -0.104     0.057     0.018   -10.492    -2.330     0.000    -1.395     3.301     0.000    12.436    30.303
A-T      0.007    -0.106     0.059     0.047   -10.540    -2.336     0.000    -1.394     3.301    -0.023    12.435    30.298
A-T      0.006    -0.105     0.059     0.036   -10.496    -2.337     0.000    -1.394     3.302    -0.013    12.448    30.309
A-T      0.005    -0.106     0.059     0.018   -10.492    -2.355    -0.001    -1.395     3.303    -0.020    12.433    30.301
C-G      0.142    -0.185     0.095    -0.252   -15.125    -1.323     0.023     0.485     3.364     0.030     1.695    36.812
C-G      0.144    -0.185     0.098    -0.273   -15.129    -1.282    -0.010     0.474     3.358     0.019     1.708    35.984
C-G      0.143    -0.184     0.099    -0.269   -15.143    -1.286    -0.011     0.474     3.356     0.033     1.711    35.952
C-G      0.142    -0.185     0.099    -0.271   -15.182    -1.317    -0.011     0.473     3.357     0.033     1.685    35.953
C-G      0.143    -0.185     0.096    -0.211   -15.166    -1.303    -0.011     0.474     3.355     0.058     1.715    35.969
C-G      0.143    -0.184     0.099    -0.287   -15.135    -1.303    -0.011     0.474     3.359     0.012     1.733    35.957
C-G      0.142    -0.184     0.098    -0.264   -15.167    -1.286    -0.012     0.475     3.356     0.030     1.696    35.961
C-G      0.146    -0.184     0.096    -0.235   -15.141    -1.250    -0.010     0.475     3.355     0.034     1.706    35.986
C-G      0.142    -0.185     0.096    -0.225   -15.151    -1.315    -0.013     0.475     3.356     0.028     1.711    35.933
C-G      0.144    -0.185     0.095    -0.222   -15.145    -1.298    -0.011     0.475     3.357     0.039     1.716    35.973
G-C     -0.273    -0.087     0.078     0.122    -4.147    -0.505     0.001     1.725     3.979     0.003   -11.532    35.320
G-C     -0.270    -0.087     0.080     0.114    -4.156    -0.534    -0.007     1.841     3.985     0.306   -11.490    38.399
G-C     -0.271    -0.087     0.079     0.146    -4.155    -0.546    -0.006     1.841     3.984     0.324   -11.496    38.375
G-C     -0.270    -0.087     0.078     0.093    -4.178    -0.512    -0.006     1.842     3.987     0.312   -11.480    38.379
G-C     -0.270    -0.087     0.079     0.122    -4.176    -0.531    -0.007     1.842     3.984     0.308   -11.512    38.371
G-C     -0.272    -0.087     0.080     0.108    -4.169    -0.503    -0.006     1.841     3.985     0.298   -11.488    38.363
G-C     -0.270    -0.087     0.077     0.105    -4.154    -0.503    -0.007     1.842     3.985     0.345   -11.511    38.393
G-C     -0.273    -0.087     0.081     0.167    -4.153    -0.512    -0.005     1.841     3.983     0.280   -11.492    38.355
G-C     -0.269    -0.087     0.077     0.102    -4.184    -0.523    -0.007     1.842     3.987     0.337   -11.495    38.403
G-C     -0.271    -0.087     0.077     0.100    -4.158    -0.530    -0.007     1.841     3.984     0.313   -11.488    38.355
C-G      0.143    -0.184     0.095    -0.231   -15.151    -1.313    -0.000     0.536     3.374    -0.004     1.713    37.998
C-G      0.143    -0.185     0.098    -0.274   -15.161    -1.291    -0.011     0.475     3.358     0.016     1.723    35.960
C-G      0.143    -0.185     0.097    -0.247   -15.138    -1.285    -0.011     0.475     3.356     0.028     1.712    35.965
C-G      0.142    -0.185     0.097    -0.242   -15.173    -1.307    -0.012     0.475     3.356     0.028     1.694    35.955
C-G      0.143    -0.184     0.097    -0.240   -15.155    -1.323    -0.011     0.474     3.356     0.028     1.720    35.962
C-G      0.142    -0.184     0.097    -0.266   -15.143    -1.288    -0.010     0.474     3.358     0.032     1.684    35.957
C-G      0.144    -0.185     0.098    -0.270   -15.139    -1.289    -0.011     0.474     3.356     0.033     1.735    35.972
C-G      0.144    -0.186     0.097    -0.254   -15.171    -1.301    -0.012     0.474     3.356     0.029     1.701    35.963
C-G      0.143    -0.185     0.098    -0.259   -15.153    -1.327    -0.012     0.474     3.357     0.024     1.707    35.960
C-G      0.143    -0.184     0.098    -0.288   -15.157    -1.311    -0.011     0.474     3.357     0.030     1.695    35.955
A-T      0.006    -0.105     0.059     0.030   -10.509    -2.334    -0.064    -1.409     3.288     0.110    12.450    29.204
A-T      0.006    -0.105     0.060     0.026   -10.525    -2.346    -0.001    -1.395     3.302    -0.025    12.438    30.301
A-T      0.006    -0.105     0.060     0.031   -10.517    -2.314    -0.000    -1.394     3.302    -0.015    12.433    30.307
A-T      0.006    -0.106     0.061     0.038   -10.514    -2.343    -0.001    -1.395     3.302    -0.033    12.421    30.305
A-T      0.007    -0.105     0.061     0.055   -10.523    -2.347    -0.001    -1.396     3.301    -0.018    12.442    30.311
A-T      0.005    -0.104     0.062     0.037   -10.524    -2.323     0.000    -1.396     3.302    -0.021    12.416    30.297
A-T      0.006    -0.105     0.058     0.026   -10.497    -2.329    -0.001    -1.395     3.302     0.005    12.444    30.312
A-T      0.006    -0.106     0.059     0.026   -10.520    -2.338    -0.001    -1.394     3.302    -0.029    12.426    30.298
A-T      0.005    -0.105     0.059     0.040   -10.470    -2.326     0.000    -1.394     3.301    -0.017    12.438    30.301
A-T      0.005    -0.105     0.059     0.020   -10.500    -2.349    -0.001    -1.394     3.303    -0.016    12.432    30.302
C-G      0.142    -0.184     0.098    -0.278   -15.162    -1.310     0.023     0.485     3.365     0.013     1.710    36.826
C-G      0.144    -0.185     0.097    -0.258   -15.142    -1.288    -0.010     0.475     3.356     0.033     1.701    35.973
C-G      0.144    -0.185     0.098    -0.263   -15.157    -1.278    -0.011     0.475     3.357     0.027     1.711    35.960
C-G      0.142    -0.185     0.097    -0.243   -15.154    -1.304    -0.012     0.474     3.356     0.033     1.708    35.954
C-G      0.143    -0.185     0.097    -0.271   -15.141    -1.312    -0.011     0.474     3.357     0.030     1.709    35.965
C-G      0.143    -0.184     0.098    -0.262   -15.153    -1.294    -0.011     0.474     3.356     0.026     1.711    35.954
C-G      0.143    -0.185     0.097    -0.270   -15.119    -1.294    -0.011     0.475     3.357     0.032     1.707    35.966
C-G      0.145    -0.185     0.096    -0.240   -15.146    -1.274    -0.011     0.475     3.356     0.036     1.708    35.970
C-G      0.143    -0.185     0.095    -0.236   -15.156    -1.303    -0.012     0.475     3.356     0.035     1.712    35.950
C-G      0.142    -0.185     0.097    -0.273   -15.151    -1.313    -0.011     0.475     3.358     0.016     1.720    35.959
