#,tilt,roll,twist,shift,slide,rise
A-T,0.0,0.0,0.0,0.0,0.0,0.0
A-T,-1.4,0.7,35.1,-0.03,-0.08,3.27
A-T,-1.4,0.7,35.1,-0.03,-0.08,3.27
C-G,-0.1,0.7,31.5,0.13,-0.58,3.36
G-C,0.0,5.4,36.1,0.0,0.41,3.39
C-G,0.0,0.3,33.6,0.0,-0.38,3.4
G-C,0.0,5.4,36.1,0.0,0.41,3.39
C-G,0.0,0.3,33.6,0.0,-0.38,3.4
G-C,0.0,5.4,36.1,0.0,0.41,3.39
A-T,-1.5,1.9,36.3,-0.28,0.09,3.37
G-C,-1.7,4.5,31.9,0.09,-0.25,3.34
G-C,-0.1,3.6,32.9,0.05,-0.22,3.42
C-G,0.0,0.3,33.6,0.0,-0.38,3.4
A-T,0.5,4.7,37.3,0.09,0.53,3.33
G-C,-1.7,4.5,31.9,0.09,-0.25,3.34
C-G,0.0,0.3,33.6,0.0,-0.38,3.4
T-A,1.5,1.9,36.3,0.28,0.09,3.37
G-C,0.1,0.7,31.5,-0.13,-0.58,3.36
T-A,-0.5,4.7,37.3,-0.09,0.53,3.33
A-T,0.0,3.3,37.8,0.0,0.05,3.42
T-A,0.0,1.1,29.3,0.0,-0.59,3.31
G-C,0.1,0.7,31.5,-0.13,-0.58,3.36
G-C,-0.1,3.6,32.9,0.05,-0.22,3.42
C-G,0.0,0.3,33.6,0.0,-0.38,3.4
A-T,0.5,4.7,37.3,0.09,0.53,3.33
T-A,0.0,1.1,29.3,0.0,-0.59,3.31
G-C,0.1,0.7,31.5,-0.13,-0.58,3.36
A-T,-1.5,1.9,36.3,-0.28,0.09,3.37
A-T,-1.4,0.7,35.1,-0.03,-0.08,3.27
A-T,-1.4,0.7,35.1,-0.03,-0.08,3.27
G-C,-1.7,4.5,31.9,0.09,-0.25,3.34
A-T,-1.5,1.9,36.3,-0.28,0.09,3.37
G-C,-1.7,4.5,31.9,0.09,-0.25,3.34
T-A,-0.5,4.7,37.3,-0.09,0.53,3.33
T-A,1.4,0.7,35.1,0.03,-0.08,3.27
C-G,1.7,4.5,31.9,-0.09,-0.25,3.34
T-A,1.5,1.9,36.3,0.28,0.09,3.37
T-A,1.4,0.7,35.1,0.03,-0.08,3.27
C-G,1.7,4.5,31.9,-0.09,-0.25,3.34
C-G,0.1,3.6,32.9,-0.05,-0.22,3.42
C-G,0.1,3.6,32.9,-0.05,-0.22,3.42
G-C,0.0,5.4,36.1,0.0,0.41,3.39
G-C,-0.1,3.6,32.9,0.05,-0.22,3.42
A-T,-1.5,1.9,36.3,-0.28,0.09,3.37
A-T,-1.4,0.7,35.1,-0.03,-0.08,3.27
A-T,-1.4,0.7,35.1,-0.03,-0.08,3.27
A-T,-1.4,0.7,35.1,-0.03,-0.08,3.27
C-G,-0.1,0.7,31.5,0.13,-0.58,3.36
G-C,0.0,5.4,36.1,0.0,0.41,3.39
C-G,0.0,0.3,33.6,0.0,-0.38,3.4
G-C,0.0,5.4,36.1,0.0,0.41,3.39
G-C,-0.1,3.6,32.9,0.05,-0.22,3.42
T-A,-0.5,4.7,37.3,-0.09,0.53,3.33
G-C,0.1,0.7,31.5,-0.13,-0.58,3.36
G-C,-0.1,3.6,32.9,0.05,-0.22,3.42
A-T,-1.5,1.9,36.3,-0.28,0.09,3.37
A-T,-1.4,0.7,35.1,-0.03,-0.08,3.27
T-A,0.0,1.1,29.3,0.0,-0.59,3.31
A-T,0.0,3.3,37.8,0.0,0.05,3.42
T-A,0.0,1.1,29.3,0.0,-0.59,3.31
T-A,1.4,0.7,35.1,0.03,-0.08,3.27
T-A,1.4,0.7,35.1,0.03,-0.08,3.27
C-G,1.7,4.5,31.9,-0.09,-0.25,3.34
G-C,0.0,5.4,36.1,0.0,0.41,3.39
T-A,-0.5,4.7,37.3,-0.09,0.53,3.33
T-A,1.4,0.7,35.1,0.03,-0.08,3.27
T-A,1.4,0.7,35.1,0.03,-0.08,3.27
C-G,1.7,4.5,31.9,-0.09,-0.25,3.34
C-G,0.1,3.6,32.9,-0.05,-0.22,3.42
T-A,1.5,1.9,36.3,0.28,0.09,3.37
A-T,0.0,3.3,37.8,0.0,0.05,3.42
C-G,-0.1,0.7,31.5,0.13,-0.58,3.36
T-A,1.5,1.9,36.3,0.28,0.09,3.37
A-T,0.0,3.3,37.8,0.0,0.05,3.42
C-G,-0.1,0.7,31.5,0.13,-0.58,3.36
G-C,0.0,5.4,36.1,0.0,0.41,3.39
A-T,-1.5,1.9,36.3,-0.28,0.09,3.37
C-G,-0.1,0.7,31.5,0.13,-0.58,3.36
T-A,1.5,1.9,36.3,0.28,0.09,3.37
A-T,0.0,3.3,37.8,0.0,0.05,3.42
C-G,-0.1,0.7,31.5,0.13,-0.58,3.36
T-A,1.5,1.9,36.3,0.28,0.09,3.37
A-T,0.0,3.3,37.8,0.0,0.05,3.42
T-A,0.0,1.1,29.3,0.0,-0.59,3.31
C-G,1.7,4.5,31.9,-0.09,-0.25,3.34
A-T,0.5,4.7,37.3,0.09,0.53,3.33
G-C,-1.7,4.5,31.9,0.09,-0.25,3.34
C-G,0.0,0.3,33.6,0.0,-0.38,3.4
C-G,0.1,3.6,32.9,-0.05,-0.22,3.42
G-C,0.0,5.4,36.1,0.0,0.41,3.39
G-C,-0.1,3.6,32.9,0.05,-0.22,3.42
A-T,-1.5,1.9,36.3,-0.28,0.09,3.37
A-T,-1.4,0.7,35.1,-0.03,-0.08,3.27
G-C,-1.7,4.5,31.9,0.09,-0.25,3.34
C-G,0.0,0.3,33.6,0.0,-0.38,3.4
C-G,0.1,3.6,32.9,-0.05,-0.22,3.42
T-A,1.5,1.9,36.3,0.28,0.09,3.37
A-T,0.0,3.3,37.8,0.0,0.05,3.42
T-A,0.0,1.1,29.3,0.0,-0.59,3.31
G-C,0.1,0.7,31.5,-0.13,-0.58,3.36
T-A,-0.5,4.7,37.3,-0.09,0.53,3.33
A-T,0.0,3.3,37.8,0.0,0.05,3.42
C-G,-0.1,0.7,31.5,0.13,-0.58,3.36
C-G,0.1,3.6,32.9,-0.05,-0.22,3.42
G-C,0.0,5.4,36.1,0.0,0.41,3.39
A-T,-1.5,1.9,36.3,-0.28,0.09,3.37
G-C,-1.7,4.5,31.9,0.09,-0.25,3.34
T-A,-0.5,4.7,37.3,-0.09,0.53,3.33
T-A,1.4,0.7,35.1,0.03,-0.08,3.27
C-G,1.7,4.5,31.9,-0.09,-0.25,3.34
C-G,0.1,3.6,32.9,-0.05,-0.22,3.42
G-C,0.0,5.4,36.1,0.0,0.41,3.39
A-T,-1.5,1.9,36.3,-0.28,0.09,3.37
C-G,-0.1,0.7,31.5,0.13,-0.58,3.36
A-T,0.5,4.7,37.3,0.09,0.53,3.33
C-G,-0.1,0.7,31.5,0.13,-0.58,3.36
T-A,1.5,1.9,36.3,0.28,0.09,3.37
T-A,1.4,0.7,35.1,0.03,-0.08,3.27
T-A,1.4,0.7,35.1,0.03,-0.08,3.27
C-G,1.7,4.5,31.9,-0.09,-0.25,3.34
A-T,0.5,4.7,37.3,0.09,0.53,3.33
T-A,0.0,1.1,29.3,0.0,-0.59,3.31
T-A,1.4,0.7,35.1,0.03,-0.08,3.27
G-C,0.1,0.7,31.5,-0.13,-0.58,3.36
A-T,-1.5,1.9,36.3,-0.28,0.09,3.37
G-C,-1.7,4.5,31.9,0.09,-0.25,3.34
A-T,-1.5,1.9,36.3,-0.28,0.09,3.37
A-T,-1.4,0.7,35.1,-0.03,-0.08,3.27
A-T,-1.4,0.7,35.1,-0.03,-0.08,3.27
G-C,-1.7,4.5,31.9,0.09,-0.25,3.34
A-T,-1.5,1.9,36.3,-0.28,0.09,3.37
T-A,0.0,1.1,29.3,0.0,-0.59,3.31
G-C,0.1,0.7,31.5,-0.13,-0.58,3.36
C-G,0.0,0.3,33.6,0.0,-0.38,3.4
C-G,0.1,3.6,32.9,-0.05,-0.22,3.42
T-A,1.5,1.9,36.3,0.28,0.09,3.37
C-G,1.7,4.5,31.9,-0.09,-0.25,3.34
A-T,0.5,4.7,37.3,0.09,0.53,3.33
G-C,-1.7,4.5,31.9,0.09,-0.25,3.34
C-G,0.0,0.3,33.6,0.0,-0.38,3.4
T-A,1.5,1.9,36.3,0.28,0.09,3.37
C-G,1.7,4.5,31.9,-0.09,-0.25,3.34
T-A,1.5,1.9,36.3,0.28,0.09,3.37
G-C,0.1,0.7,31.5,-0.13,-0.58,3.36
T-A,-0.5,4.7,37.3,-0.09,0.53,3.33
T-A,1.4,0.7,35.1,0.03,-0.08,3.27
A-T,0.0,3.3,37.8,0.0,0.05,3.42
C-G,-0.1,0.7,31.5,0.13,-0.58,3.36
A-T,0.5,4.7,37.3,0.09,0.53,3.33
G-C,-1.7,4.5,31.9,0.09,-0.25,3.34
G-C,-0.1,3.6,32.9,0.05,-0.22,3.42
T-A,-0.5,4.7,37.3,-0.09,0.53,3.33
C-G,1.7,4.5,31.9,-0.09,-0.25,3.34
A-T,0.5,4.7,37.3,0.09,0.53,3.33
C-G,-0.1,0.7,31.5,0.13,-0.58,3.36
T-A,1.5,1.9,36.3,0.28,0.09,3.37
A-T,0.0,3.3,37.8,0.0,0.05,3.42
A-T,-1.4,0.7,35.1,-0.03,-0.08,3.27
T-A,0.0,1.1,29.3,0.0,-0.59,3.31
A-T,0.0,3.3,37.8,0.0,0.05,3.42
C-G,-0.1,0.7,31.5,0.13,-0.58,3.36
C-G,0.1,3.6,32.9,-0.05,-0.22,3.42
A-T,0.5,4.7,37.3,0.09,0.53,3.33
T-A,0.0,1.1,29.3,0.0,-0.59,3.31
C-G,1.7,4.5,31.9,-0.09,-0.25,3.34
T-A,1.5,1.9,36.3,0.28,0.09,3.37
A-T,0.0,3.3,37.8,0.0,0.05,3.42
A-T,-1.4,0.7,35.1,-0.03,-0.08,3.27
G-C,-1.7,4.5,31.9,0.09,-0.25,3.34
T-A,-0.5,4.7,37.3,-0.09,0.53,3.33
A-T,0.0,3.3,37.8,0.0,0.05,3.42
G-C,-1.7,4.5,31.9,0.09,-0.25,3.34
T-A,-0.5,4.7,37.3,-0.09,0.53,3.33
T-A,1.4,0.7,35.1,0.03,-0.08,3.27
G-C,0.1,0.7,31.5,-0.13,-0.58,3.36
A-T,-1.5,1.9,36.3,-0.28,0.09,3.37
T-A,0.0,1.1,29.3,0.0,-0.59,3.31
T-A,1.4,0.7,35.1,0.03,-0.08,3.27
C-G,1.7,4.5,31.9,-0.09,-0.25,3.34
A-T,0.5,4.7,37.3,0.09,0.53,3.33
T-A,0.0,1.1,29.3,0.0,-0.59,3.31
A-T,0.0,3.3,37.8,0.0,0.05,3.42
G-C,-1.7,4.5,31.9,0.09,-0.25,3.34
T-A,-0.5,4.7,37.3,-0.09,0.53,3.33
G-C,0.1,0.7,31.5,-0.13,-0.58,3.36
A-T,-1.5,1.9,36.3,-0.28,0.09,3.37
C-G,-0.1,0.7,31.5,0.13,-0.58,3.36
T-A,1.5,1.9,36.3,0.28,0.09,3.37
G-C,0.1,0.7,31.5,-0.13,-0.58,3.36
C-G,0.0,0.3,33.6,0.0,-0.38,3.4
A-T,0.5,4.7,37.3,0.09,0.53,3.33
T-A,0.0,1.1,29.3,0.0,-0.59,3.31
A-T,0.0,3.3,37.8,0.0,0.05,3.42
T-A,0.0,1.1,29.3,0.0,-0.59,3.31
G-C,0.1,0.7,31.5,-0.13,-0.58,3.36
T-A,-0.5,4.7,37.3,-0.09,0.53,3.33
T-A,1.4,0.7,35.1,0.03,-0.08,3.27
G-C,0.1,0.7,31.5,-0.13,-0.58,3.36
T-A,-0.5,4.7,37.3,-0.09,0.53,3.33
G-C,0.1,0.7,31.5,-0.13,-0.58,3.36
T-A,-0.5,4.7,37.3,-0.09,0.53,3.33
T-A,1.4,0.7,35.1,0.03,-0.08,3.27
T-A,1.4,0.7,35.1,0.03,-0.08,3.27
T-A,1.4,0.7,35.1,0.03,-0.08,3.27
A-T,0.0,3.3,37.8,0.0,0.05,3.42
C-G,-0.1,0.7,31.5,0.13,-0.58,3.36
A-T,0.5,4.7,37.3,0.09,0.53,3.33
G-C,-1.7,4.5,31.9,0.09,-0.25,3.34
T-A,-0.5,4.7,37.3,-0.09,0.53,3.33
A-T,0.0,3.3,37.8,0.0,0.05,3.42
T-A,0.0,1.1,29.3,0.0,-0.59,3.31
T-A,1.4,0.7,35.1,0.03,-0.08,3.27
A-T,0.0,3.3,37.8,0.0,0.05,3.42
T-A,0.0,1.1,29.3,0.0,-0.59,3.31
G-C,0.1,0.7,31.5,-0.13,-0.58,3.36
T-A,-0.5,4.7,37.3,-0.09,0.53,3.33
A-T,0.0,3.3,37.8,0.0,0.05,3.42
G-C,-1.7,4.5,31.9,0.09,-0.25,3.34
T-A,-0.5,4.7,37.3,-0.09,0.53,3.33
C-G,1.7,4.5,31.9,-0.09,-0.25,3.34
T-A,1.5,1.9,36.3,0.28,0.09,3.37
G-C,0.1,0.7,31.5,-0.13,-0.58,3.36
T-A,-0.5,4.7,37.3,-0.09,0.53,3.33
T-A,1.4,0.7,35.1,0.03,-0.08,3.27
T-A,1.4,0.7,35.1,0.03,-0.08,3.27
T-A,1.4,0.7,35.1,0.03,-0.08,3.27
T-A,1.4,0.7,35.1,0.03,-0.08,3.27
T-A,1.4,0.7,35.1,0.03,-0.08,3.27
A-T,0.0,3.3,37.8,0.0,0.05,3.42
T-A,0.0,1.1,29.3,0.0,-0.59,3.31
G-C,0.1,0.7,31.5,-0.13,-0.58,3.36
C-G,0.0,0.3,33.6,0.0,-0.38,3.4
A-T,0.5,4.7,37.3,0.09,0.53,3.33
A-T,-1.4,0.7,35.1,-0.03,-0.08,3.27
A-T,-1.4,0.7,35.1,-0.03,-0.08,3.27
A-T,-1.4,0.7,35.1,-0.03,-0.08,3.27
T-A,0.0,1.1,29.3,0.0,-0.59,3.31
C-G,1.7,4.5,31.9,-0.09,-0.25,3.34
T-A,1.5,1.9,36.3,0.28,0.09,3.37
A-T,0.0,3.3,37.8,0.0,0.05,3.42
A-T,-1.4,0.7,35.1,-0.03,-0.08,3.27
T-A,0.0,1.1,29.3,0.0,-0.59,3.31
T-A,1.4,0.7,35.1,0.03,-0.08,3.27
T-A,1.4,0.7,35.1,0.03,-0.08,3.27
A-T,0.0,3.3,37.8,0.0,0.05,3.42
A-T,-1.4,0.7,35.1,-0.03,-0.08,3.27
T-A,0.0,1.1,29.3,0.0,-0.59,3.31
A-T,0.0,3.3,37.8,0.0,0.05,3.42
T-A,0.0,1.1,29.3,0.0,-0.59,3.31
A-T,0.0,3.3,37.8,0.0,0.05,3.42
T-A,0.0,1.1,29.3,0.0,-0.59,3.31
T-A,1.4,0.7,35.1,0.03,-0.08,3.27
G-C,0.1,0.7,31.5,-0.13,-0.58,3.36
A-T,-1.5,1.9,36.3,-0.28,0.09,3.37
T-A,0.0,1.1,29.3,0.0,-0.59,3.31
A-T,0.0,3.3,37.8,0.0,0.05,3.42
T-A,0.0,1.1,29.3,0.0,-0.59,3.31
T-A,1.4,0.7,35.1,0.03,-0.08,3.27
T-A,1.4,0.7,35.1,0.03,-0.08,3.27
A-T,0.0,3.3,37.8,0.0,0.05,3.42
T-A,0.0,1.1,29.3,0.0,-0.59,3.31
A-T,0.0,3.3,37.8,0.0,0.05,3.42
T-A,0.0,1.1,29.3,0.0,-0.59,3.31
C-G,1.7,4.5,31.9,-0.09,-0.25,3.34
A-T,0.5,4.7,37.3,0.09,0.53,3.33
T-A,0.0,1.1,29.3,0.0,-0.59,3.31
T-A,1.4,0.7,35.1,0.03,-0.08,3.27
T-A,1.4,0.7,35.1,0.03,-0.08,3.27
T-A,1.4,0.7,35.1,0.03,-0.08,3.27
A-T,0.0,3.3,37.8,0.0,0.05,3.42
C-G,-0.1,0.7,31.5,0.13,-0.58,3.36
G-C,0.0,5.4,36.1,0.0,0.41,3.39
T-A,-0.5,4.7,37.3,-0.09,0.53,3.33
T-A,1.4,0.7,35.1,0.03,-0.08,3.27
T-A,1.4,0.7,35.1,0.03,-0.08,3.27
C-G,1.7,4.5,31.9,-0.09,-0.25,3.34
T-A,1.5,1.9,36.3,0.28,0.09,3.37
C-G,1.7,4.5,31.9,-0.09,-0.25,3.34
G-C,0.0,5.4,36.1,0.0,0.41,3.39
T-A,-0.5,4.7,37.3,-0.09,0.53,3.33
T-A,1.4,0.7,35.1,0.03,-0.08,3.27
C-G,1.7,4.5,31.9,-0.09,-0.25,3.34
A-T,0.5,4.7,37.3,0.09,0.53,3.33
G-C,-1.7,4.5,31.9,0.09,-0.25,3.34
C-G,0.0,0.3,33.6,0.0,-0.38,3.4
T-A,1.5,1.9,36.3,0.28,0.09,3.37
T-A,1.4,0.7,35.1,0.03,-0.08,3.27
T-A,1.4,0.7,35.1,0.03,-0.08,3.27
T-A,1.4,0.7,35.1,0.03,-0.08,3.27
T-A,1.4,0.7,35.1,0.03,-0.08,3.27
T-A,1.4,0.7,35.1,0.03,-0.08,3.27
A-T,0.0,3.3,37.8,0.0,0.05,3.42
T-A,0.0,1.1,29.3,0.0,-0.59,3.31
A-T,0.0,3.3,37.8,0.0,0.05,3.42
C-G,-0.1,0.7,31.5,0.13,-0.58,3.36
T-A,1.5,1.9,36.3,0.28,0.09,3.37
A-T,0.0,3.3,37.8,0.0,0.05,3.42
A-T,-1.4,0.7,35.1,-0.03,-0.08,3.27
C-G,-0.1,0.7,31.5,0.13,-0.58,3.36
T-A,1.5,1.9,36.3,0.28,0.09,3.37
T-A,1.4,0.7,35.1,0.03,-0.08,3.27
G-C,0.1,0.7,31.5,-0.13,-0.58,3.36
A-T,-1.5,1.9,36.3,-0.28,0.09,3.37
G-C,-1.7,4.5,31.9,0.09,-0.25,3.34
C-G,0.0,0.3,33.6,0.0,-0.38,3.4
G-C,0.0,5.4,36.1,0.0,0.41,3.39
A-T,-1.5,1.9,36.3,-0.28,0.09,3.37
A-T,-1.4,0.7,35.1,-0.03,-0.08,3.27
A-T,-1.4,0.7,35.1,-0.03,-0.08,3.27
C-G,-0.1,0.7,31.5,0.13,-0.58,3.36
G-C,0.0,5.4,36.1,0.0,0.41,3.39
G-C,-0.1,3.6,32.9,0.05,-0.22,3.42
G-C,-0.1,3.6,32.9,0.05,-0.22,3.42
A-T,-1.5,1.9,36.3,-0.28,0.09,3.37
A-T,-1.4,0.7,35.1,-0.03,-0.08,3.27
G-C,-1.7,4.5,31.9,0.09,-0.25,3.34
G-C,-0.1,3.6,32.9,0.05,-0.22,3.42
G-C,-0.1,3.6,32.9,0.05,-0.22,3.42
T-A,-0.5,4.7,37.3,-0.09,0.53,3.33
T-A,1.4,0.7,35.1,0.03,-0.08,3.27
T-A,1.4,0.7,35.1,0.03,-0.08,3.27
T-A,1.4,0.7,35.1,0.03,-0.08,3.27
C-G,1.7,4.5,31.9,-0.09,-0.25,3.34
A-T,0.5,4.7,37.3,0.09,0.53,3.33
C-G,-0.1,0.7,31.5,0.13,-0.58,3.36
C-G,0.1,3.6,32.9,-0.05,-0.22,3.42
G-C,0.0,5.4,36.1,0.0,0.41,3.39
A-T,-1.5,1.9,36.3,-0.28,0.09,3.37
T-A,0.0,1.1,29.3,0.0,-0.59,3.31
A-T,0.0,3.3,37.8,0.0,0.05,3.42
T-A,0.0,1.1,29.3,0.0,-0.59,3.31
C-G,1.7,4.5,31.9,-0.09,-0.25,3.34
A-T,0.5,4.7,37.3,0.09,0.53,3.33
C-G,-0.1,0.7,31.5,0.13,-0.58,3.36
C-G,0.1,3.6,32.9,-0.05,-0.22,3.42
G-C,0.0,5.4,36.1,0.0,0.41,3.39
